# Number	E	N	U
0 -1.0503529562586760e+02 -1.1072150481411042e+02 8.1120330597202894e-01
1 -9.0427456419574654e+01 -1.1066571204835047e+02 8.1868112341525345e-01
2 -7.5819617213281703e+01 -1.1060991928259052e+02 8.2615894085847796e-01
3 -6.1211778006988766e+01 -1.1055412651683058e+02 8.3363675830170247e-01
4 -4.6603938800695815e+01 -1.1049833375107063e+02 8.4111457574492698e-01
5 -3.1996099594402864e+01 -1.1044254098531070e+02 8.4859239318815149e-01
6 -1.7388260388109927e+01 -1.1038674821955075e+02 8.5607021063137601e-01
7 -2.7804211818169762e+00 -1.1033095545379081e+02 8.6354802807460052e-01
8 1.1827418024475975e+01 -1.1027516268803086e+02 8.7102584551782503e-01
9 2.6435257230768912e+01 -1.1021936992227091e+02 8.7850366296104943e-01
10 4.1043096437061877e+01 -1.1016357715651097e+02 8.8598148040427405e-01
11 -1.1238752726860233e+02 -9.8098612637874069e+01 6.8987948156783196e-01
12 -9.7779688062309390e+01 -9.8042819872114123e+01 6.9735729901105648e-01
13 -8.3171848856016439e+01 -9.7987027106354176e+01 7.0483511645428099e-01
14 -6.8564009649723488e+01 -9.7931234340594230e+01 7.1231293389750550e-01
15 -5.3956170443430544e+01 -9.7875441574834284e+01 7.1979075134073001e-01
16 -3.9348331237137600e+01 -9.7819648809074337e+01 7.2726856878395452e-01
17 -2.4740492030844649e+01 -9.7763856043314391e+01 7.3474638622717903e-01
18 -1.0132652824551698e+01 -9.7708063277554459e+01 7.4222420367040343e-01
19 4.4751863817412527e+00 -9.7652270511794512e+01 7.4970202111362794e-01
20 1.9083025588034189e+01 -9.7596477746034566e+01 7.5717983855685245e-01
21 3.3690864794327155e+01 -9.7540684980274619e+01 7.6465765600007696e-01
22 5.5618727616962644e+01 -1.0167392535134015e+02 8.1506935405910863e-01
23 -1.1973975891133706e+02 -8.5475720461637707e+01 5.6855565716363499e-01
24 -1.0513191970504411e+02 -8.5419927695877760e+01 5.7603347460685950e-01
25 -9.0524080498751161e+01 -8.5364134930117828e+01 5.8351129205008401e-01
26 -7.5916241292458210e+01 -8.5308342164357882e+01 5.9098910949330841e-01
27 -6.1308402086165266e+01 -8.5252549398597935e+01 5.9846692693653303e-01
28 -4.6700562879872322e+01 -8.5196756632837989e+01 6.0594474437975743e-01
29 -3.2092723673579371e+01 -8.5140963867078042e+01 6.1342256182298205e-01
30 -1.7484884467286420e+01 -8.5085171101318096e+01 6.2090037926620645e-01
31 -2.8770452609934836e+00 -8.5029378335558164e+01 6.2837819670943096e-01
32 1.1730793945299467e+01 -8.4973585569798217e+01 6.3585601415265547e-01
33 2.6338633151592404e+01 -8.4917792804038271e+01 6.4333383159587998e-01
34 4.8266495974227894e+01 -8.9051033175103797e+01 6.9374552965491165e-01
35 6.2874335180520859e+01 -8.8995240409343850e+01 7.0122334709813616e-01
36 -1.2709199055407178e+02 -7.2852828285401358e+01 4.4723183275943795e-01
37 -1.1248415134777883e+02 -7.2797035519641412e+01 4.5470965020266246e-01
38 -9.7876312141485897e+01 -7.2741242753881465e+01 4.6218746764588697e-01
39 -8.3268472935192946e+01 -7.2685449988121519e+01 4.6966528508911148e-01
40 -6.8660633728899995e+01 -7.2629657222361573e+01 4.7714310253233599e-01
41 -5.4052794522607044e+01 -7.2573864456601626e+01 4.8462091997556045e-01
42 -3.9444955316314093e+01 -7.2518071690841680e+01 4.9209873741878496e-01
43 -2.4837116110021157e+01 -7.2462278925081748e+01 4.9957655486200947e-01
44 -1.0229276903728206e+01 -7.2406486159321801e+01 5.0705437230523398e-01
45 4.3785623025647453e+00 -7.2350693393561855e+01 5.1453218974845849e-01
46 1.8986401508857682e+01 -7.2294900627801908e+01 5.2201000719168300e-01
47 4.0914264331493172e+01 -7.6428140998867434e+01 5.7242170525071467e-01
48 5.5522103537786137e+01 -7.6372348233107488e+01 5.7989952269393918e-01
49 7.0129942744079074e+01 -7.6316555467347541e+01 5.8737734013716369e-01
50 -1.3444422219680652e+02 -6.0229936109165010e+01 3.2590800835524097e-01
51 -1.1983638299051356e+02 -6.0174143343405063e+01 3.3338582579846548e-01
52 -1.0522854378422062e+02 -6.0118350577645117e+01 3.4086364324169000e-01
53 -9.0620704577927668e+01 -6.0062557811885178e+01 3.4834146068491451e-01
54 -7.6012865371634717e+01 -6.0006765046125231e+01 3.5581927812813902e-01
55 -6.1405026165341773e+01 -5.9950972280365285e+01 3.6329709557136347e-01
56 -4.6797186959048830e+01 -5.9895179514605339e+01 3.7077491301458798e-01
57 -3.2189347752755879e+01 -5.9839386748845399e+01 3.7825273045781249e-01
58 -1.7581508546462928e+01 -5.9783593983085453e+01 3.8573054790103700e-01
59 -2.9736693401699767e+00 -5.9727801217325506e+01 3.9320836534426151e-01
60 1.1634169866122960e+01 -5.9672008451565560e+01 4.0068618278748602e-01
61 3.3562032688758450e+01 -6.3805248822631086e+01 4.5109788084651770e-01
62 4.8169871895051415e+01 -6.3749456056871139e+01 4.5857569828974221e-01
63 6.2777711101344352e+01 -6.3693663291111193e+01 4.6605351573296672e-01
64 7.7385550307637288e+01 -6.3637870525351246e+01 4.7353133317619123e-01
65 -1.4179645383954124e+02 -4.7607043932928661e+01 2.0458418395104394e-01
66 -1.2718861463324829e+02 -4.7551251167168715e+01 2.1206200139426845e-01
67 -1.1258077542695534e+02 -4.7495458401408769e+01 2.1953981883749296e-01
68 -9.7972936220662390e+01 -4.7439665635648829e+01 2.2701763628071747e-01
69 -8.3365097014369439e+01 -4.7383872869888883e+01 2.3449545372394198e-01
70 -6.8757257808076503e+01 -4.7328080104128937e+01 2.4197327116716649e-01
71 -5.4149418601783552e+01 -4.7272287338368990e+01 2.4945108861039100e-01
72 -3.9541579395490601e+01 -4.7216494572609051e+01 2.5692890605361551e-01
73 -2.4933740189197664e+01 -4.7160701806849104e+01 2.6440672349684002e-01
74 -1.0325900982904713e+01 -4.7104909041089158e+01 2.7188454094006453e-01
75 4.2819382233882379e+00 -4.7049116275329212e+01 2.7936235838328893e-01
76 2.6209801046023728e+01 -5.1182356646394730e+01 3.2977405644232066e-01
77 4.0817640252316664e+01 -5.1126563880634784e+01 3.3725187388554517e-01
78 5.5425479458609630e+01 -5.1070771114874837e+01 3.4472969132876968e-01
79 7.0033318664902566e+01 -5.1014978349114891e+01 3.5220750877199419e-01
80 8.4641157871195503e+01 -5.0959185583354952e+01 3.5968532621521870e-01
81 -1.4914868548227597e+02 -3.4984151756692299e+01 8.3260359546846963e-02
82 -1.3454084627598303e+02 -3.4928358990932352e+01 9.0738176990071473e-02
83 -1.1993300706969006e+02 -3.4872566225172406e+01 9.8215994433295983e-02
84 -1.0532516786339713e+02 -3.4816773459412460e+01 1.0569381187652049e-01
85 -9.0717328657104176e+01 -3.4760980693652513e+01 1.1317162931974500e-01
86 -7.6109489450811225e+01 -3.4705187927892581e+01 1.2064944676296951e-01
87 -6.1501650244518281e+01 -3.4649395162132635e+01 1.2812726420619402e-01
88 -4.6893811038225337e+01 -3.4593602396372688e+01 1.3560508164941854e-01
89 -3.2285971831932386e+01 -3.4537809630612742e+01 1.4308289909264305e-01
90 -1.7678132625639435e+01 -3.4482016864852795e+01 1.5056071653586756e-01
91 -3.0702934193464841e+00 -3.4426224099092849e+01 1.5803853397909196e-01
92 1.8857569403288991e+01 -3.8559464470158375e+01 2.0845023203812374e-01
93 3.3465408609581942e+01 -3.8503671704398428e+01 2.1592804948134825e-01
94 4.8073247815874879e+01 -3.8447878938638482e+01 2.2340586692457276e-01
95 6.2681087022167844e+01 -3.8392086172878535e+01 2.3088368436779716e-01
96 7.7288926228460781e+01 -3.8336293407118589e+01 2.3836150181102167e-01
97 9.1896765434753746e+01 -3.8280500641358643e+01 2.4583931925424618e-01
98 -1.5650091712501069e+02 -2.2361259580455950e+01 -3.8063464857350016e-02
99 -1.4189307791871772e+02 -2.2305466814696004e+01 -3.0585647414125505e-02
100 -1.2728523871242479e+02 -2.2249674048936058e+01 -2.3107829970900995e-02
101 -1.1267739950613185e+02 -2.2193881283176111e+01 -1.5630012527676485e-02
102 -9.8069560299838898e+01 -2.2138088517416165e+01 -8.1521950844519742e-03
103 -8.3461721093545947e+01 -2.2082295751656233e+01 -6.7437764122746380e-04
104 -6.8853881887253010e+01 -2.2026502985896286e+01 6.8034398019970466e-03
105 -5.4246042680960059e+01 -2.1970710220136340e+01 1.4281257245221557e-02
106 -3.9638203474667108e+01 -2.1914917454376393e+01 2.1759074688446067e-02
107 -2.5030364268374157e+01 -2.1859124688616447e+01 2.9236892131670578e-02
108 -1.0422525062081206e+01 -2.1803331922856501e+01 3.6714709574894977e-02
109 1.1505337760554269e+01 -2.5936572293922026e+01 8.7126407633926761e-02
110 2.6113176966847220e+01 -2.5880779528162080e+01 9.4604225077151272e-02
111 4.0721016173140157e+01 -2.5824986762402133e+01 1.0208204252037578e-01
112 5.5328855379433122e+01 -2.5769193996642187e+01 1.0955985996360018e-01
113 6.9936694585726059e+01 -2.5713401230882241e+01 1.1703767740682469e-01
114 8.4544533792019024e+01 -2.5657608465122294e+01 1.2451549485004920e-01
115 9.9152372998311961e+01 -2.5601815699362362e+01 1.3199331229327371e-01
116 -1.6385314876774541e+02 -9.7383674042196020e+00 -1.5938728926154699e-01
117 -1.4924530956145247e+02 -9.6825746384596556e+00 -1.5190947181832248e-01
118 -1.3463747035515951e+02 -9.6267818726997092e+00 -1.4443165437509797e-01
119 -1.2002963114886657e+02 -9.5709891069397628e+00 -1.3695383693187346e-01
120 -1.0542179194257363e+02 -9.5151963411798164e+00 -1.2947601948864895e-01
121 -9.0813952736280683e+01 -9.4594035754198842e+00 -1.2199820204542444e-01
122 -7.6206113529987732e+01 -9.4036108096599378e+00 -1.1452038460219993e-01
123 -6.1598274323694781e+01 -9.3478180438999914e+00 -1.0704256715897542e-01
124 -4.6990435117401837e+01 -9.2920252781400450e+00 -9.9564749715750911e-02
125 -3.2382595911108893e+01 -9.2362325123800986e+00 -9.2086932272526401e-02
126 -1.7774756704815942e+01 -9.1804397466201522e+00 -8.4609114829302001e-02
127 4.1531061178195472e+00 -1.3313680117685678e+01 -3.4197416770270328e-02
128 1.8760945324112498e+01 -1.3257887351925731e+01 -2.6719599327045818e-02
129 3.3368784530405435e+01 -1.3202094586165785e+01 -1.9241781883821307e-02
130 4.7976623736698400e+01 -1.3146301820405839e+01 -1.1763964440596908e-02
131 6.2584462942991337e+01 -1.3090509054645892e+01 -4.2861469973723976e-03
132 7.7192302149284274e+01 -1.3034716288885946e+01 3.1916704458521128e-03
133 9.1800141355577239e+01 -1.2978923523126014e+01 1.0669487889076623e-02
134 1.0640798056187018e+02 -1.2923130757366067e+01 1.8147305332301134e-02
135 -1.7120538041048013e+02 2.8845247720167464e+00 -2.8071111366574408e-01
136 -1.5659754120418719e+02 2.9403175377766928e+00 -2.7323329622251968e-01
137 -1.4198970199789426e+02 2.9961103035366392e+00 -2.6575547877929506e-01
138 -1.2738186279160131e+02 3.0519030692965856e+00 -2.5827766133607066e-01
139 -1.1277402358530836e+02 3.1076958350565320e+00 -2.5079984389284604e-01
140 -9.8166184379015405e+01 3.1634886008164642e+00 -2.4332202644962164e-01
141 -8.3558345172722454e+01 3.2192813665764106e+00 -2.3584420900639702e-01
142 -6.8950505966429517e+01 3.2750741323363570e+00 -2.2836639156317262e-01
143 -5.4342666760136566e+01 3.3308668980963034e+00 -2.2088857411994800e-01
144 -3.9734827553843616e+01 3.3866596638562498e+00 -2.1341075667672360e-01
145 -2.5126988347550679e+01 3.4424524296161962e+00 -2.0593293923349898e-01
146 -3.1991255249151749e+00 -6.9078794144932942e-01 -1.5552124117446720e-01
147 1.1408713681377776e+01 -6.3499517568938302e-01 -1.4804342373124268e-01
148 2.6016552887670713e+01 -5.7920240992943661e-01 -1.4056560628801817e-01
149 4.0624392093963678e+01 -5.2340964416949021e-01 -1.3308778884479378e-01
150 5.5232231300256615e+01 -4.6761687840954380e-01 -1.2560997140156926e-01
151 6.9840070506549552e+01 -4.1182411264959740e-01 -1.1813215395834475e-01
152 8.4447909712842517e+01 -3.5603134688966520e-01 -1.1065433651512024e-01
153 9.9055748919135453e+01 -3.0023858112971880e-01 -1.0317651907189573e-01
154 1.1366358812542839e+02 -2.4444581536977239e-01 -9.5698701628671223e-02
155 -1.7126979646326447e+02 1.9752242850838527e+01 -4.3749100124252371e-01
156 -1.5666195725697153e+02 1.9808035616598474e+01 -4.3001318379929909e-01
157 -1.4205411805067860e+02 1.9863828382358420e+01 -4.2253536635607469e-01
158 -1.2744627884438563e+02 1.9919621148118367e+01 -4.1505754891285007e-01
159 -1.1283843963809268e+02 1.9975413913878313e+01 -4.0757973146962567e-01
160 -9.8230600431799743e+01 2.0031206679638260e+01 -4.0010191402640105e-01
161 -8.3622761225506792e+01 2.0086999445398206e+01 -3.9262409658317665e-01
162 -6.9014922019213842e+01 2.0142792211158152e+01 -3.8514627913995203e-01
163 -5.4407082812920898e+01 2.0198584976918099e+01 -3.7766846169672763e-01
164 -3.9799243606627954e+01 2.0254377742678045e+01 -3.7019064425350301e-01
165 -2.5191404400335003e+01 2.0310170508437992e+01 -3.6271282681027861e-01
166 -1.0551357167649911e+01 1.1932104234787019e+01 -2.7684506557866428e-01
167 4.0564820386430398e+00 1.1987897000546965e+01 -2.6936724813543966e-01
168 1.8664321244935991e+01 1.2043689766306912e+01 -2.6188943069221526e-01
169 3.3272160451228928e+01 1.2099482532066858e+01 -2.5441161324899064e-01
170 4.7879999657521893e+01 1.2155275297826805e+01 -2.4693379580576624e-01
171 6.2487838863814829e+01 1.2211068063586751e+01 -2.3945597836254162e-01
172 7.7095678070107766e+01 1.2266860829346683e+01 -2.3197816091931722e-01
173 9.1703517276400731e+01 1.2322653595106630e+01 -2.2450034347609260e-01
174 1.0631135648269367e+02 1.2378446360866576e+01 -2.1702252603286820e-01
175 1.2091919568898663e+02 1.2434239126626522e+01 -2.0954470858964358e-01
176 -1.6401418889970626e+02 3.2430927792834822e+01 -5.5133700820349607e-01
177 -1.4940634969341329e+02 3.2486720558594769e+01 -5.4385919076027167e-01
178 -1.3479851048712035e+02 3.2542513324354715e+01 -5.3638137331704705e-01
179 -1.2019067128082740e+02 3.2598306090114662e+01 -5.2890355587382265e-01
180 -1.0558283207453447e+02 3.2654098855874608e+01 -5.2142573843059803e-01
181 -9.0974992868241515e+01 3.2709891621634554e+01 -5.1394792098737363e-01
182 -7.6367153661948564e+01 3.2765684387394501e+01 -5.0647010354414901e-01
183 -6.1759314455655620e+01 3.2821477153154447e+01 -4.9899228610092461e-01
184 -4.7151475249362669e+01 3.2877269918914394e+01 -4.9151446865769999e-01
185 -3.2543636043069725e+01 3.2933062684674340e+01 -4.8403665121447559e-01
186 -1.7935796836776774e+01 3.2988855450434286e+01 -4.7655883377125097e-01
187 -3.2957496040916823e+00 2.4610789176783314e+01 -3.9069107253963664e-01
188 1.1312089602201269e+01 2.4666581942543260e+01 -3.8321325509641224e-01
189 2.5919928808494205e+01 2.4722374708303207e+01 -3.7573543765318762e-01
190 4.0527768014787171e+01 2.4778167474063153e+01 -3.6825762020996322e-01
191 5.5135607221080107e+01 2.4833960239823099e+01 -3.6077980276673860e-01
192 6.9743446427373044e+01 2.4889753005583046e+01 -3.5330198532351420e-01
193 8.4351285633666009e+01 2.4945545771342992e+01 -3.4582416788028958e-01
194 9.8959124839958946e+01 2.5001338537102939e+01 -3.3834635043706518e-01
195 1.1356696404625191e+02 2.5057131302862885e+01 -3.3086853299384056e-01
196 -1.5675858133614804e+02 4.5109612734831117e+01 -6.6518301516446865e-01
197 -1.4215074212985508e+02 4.5165405500591064e+01 -6.5770519772124403e-01
198 -1.2754290292356212e+02 4.5221198266351010e+01 -6.5022738027801963e-01
199 -1.1293506371726919e+02 4.5276991032110956e+01 -6.4274956283479501e-01
200 -9.8327224510976237e+01 4.5332783797870903e+01 -6.3527174539157061e-01
201 -8.3719385304683286e+01 4.5388576563630849e+01 -6.2779392794834599e-01
202 -6.9111546098390335e+01 4.5444369329390796e+01 -6.2031611050512159e-01
203 -5.4503706892097391e+01 4.5500162095150742e+01 -6.1283829306189697e-01
204 -3.9895867685804447e+01 4.5555954860910688e+01 -6.0536047561867257e-01
205 -2.5288028479511496e+01 4.5611747626670635e+01 -5.9788265817544795e-01
206 -1.0680189273218545e+01 4.5667540392430581e+01 -5.9040484073222355e-01
207 3.9598579594665466e+00 3.7289474118779609e+01 -5.0453707950060922e-01
208 1.8567697165759498e+01 3.7345266884539555e+01 -4.9705926205738460e-01
209 3.3175536372052449e+01 3.7401059650299501e+01 -4.8958144461416020e-01
210 4.7783375578345385e+01 3.7456852416059448e+01 -4.8210362717093558e-01
211 6.2391214784638322e+01 3.7512645181819394e+01 -4.7462580972771118e-01
212 7.6999053990931287e+01 3.7568437947579341e+01 -4.6714799228448656e-01
213 9.1606893197224224e+01 3.7624230713339287e+01 -4.5967017484126216e-01
214 1.0621473240351719e+02 3.7680023479099233e+01 -4.5219235739803754e-01
215 -1.4950297377258980e+02 5.7788297676827412e+01 -7.7902902212544101e-01
216 -1.3489513456629686e+02 5.7844090442587358e+01 -7.7155120468221661e-01
217 -1.2028729536000390e+02 5.7899883208347305e+01 -7.6407338723899199e-01
218 -1.0567945615371096e+02 5.7955675974107251e+01 -7.5659556979576759e-01
219 -9.1071616947418008e+01 5.8011468739867198e+01 -7.4911775235254296e-01
220 -7.6463777741125057e+01 5.8067261505627144e+01 -7.4163993490931857e-01
221 -6.1855938534832113e+01 5.8123054271387090e+01 -7.3416211746609394e-01
222 -4.7248099328539169e+01 5.8178847037147037e+01 -7.2668430002286954e-01
223 -3.2640260122246218e+01 5.8234639802906983e+01 -7.1920648257964492e-01
224 -1.8032420915953267e+01 5.8290432568666930e+01 -7.1172866513642052e-01
225 -3.4245817096603304e+00 5.8346225334426876e+01 -7.0425084769319612e-01
226 1.1215465523024761e+01 4.9968159060775903e+01 -6.1838308646158158e-01
227 2.5823304729317698e+01 5.0023951826535850e+01 -6.1090526901835718e-01
228 4.0431143935610663e+01 5.0079744592295796e+01 -6.0342745157513256e-01
229 5.5038983141903600e+01 5.0135537358055743e+01 -5.9594963413190816e-01
230 6.9646822348196537e+01 5.0191330123815689e+01 -5.8847181668868354e-01
231 8.4254661554489502e+01 5.0247122889575635e+01 -5.8099399924545914e-01
232 9.8862500760782439e+01 5.0302915655335582e+01 -5.7351618180223451e-01
233 -1.4224736620903158e+02 7.0466982618823707e+01 -8.9287502908641381e-01
234 -1.2763952700273865e+02 7.0522775384583653e+01 -8.8539721164318919e-01
235 -1.1303168779644569e+02 7.0578568150343600e+01 -8.7791939419996479e-01
236 -9.8423848590152744e+01 7.0634360916103546e+01 -8.7044157675674017e-01
237 -8.3816009383859793e+01 7.0690153681863492e+01 -8.6296375931351577e-01
238 -6.9208170177566842e+01 7.0745946447623439e+01 -8.5548594187029114e-01
239 -5.4600330971273905e+01 7.0801739213383385e+01 -8.4800812442706675e-01
240 -3.9992491764980954e+01 7.0857531979143332e+01 -8.4053030698384212e-01
241 -2.5384652558688003e+01 7.0913324744903278e+01 -8.3305248954061772e-01
242 -1.0776813352395067e+01 7.0969117510663224e+01 -8.2557467209739333e-01
243 3.8310258538978843e+00 7.1024910276423171e+01 -8.1809685465416870e-01
244 1.8471073086582976e+01 6.2646844002772198e+01 -7.3222909342255416e-01
245 3.3078912292875941e+01 6.2702636768532145e+01 -7.2475127597932953e-01
246 4.7686751499168878e+01 6.2758429534292091e+01 -7.1727345853610514e-01
247 6.2294590705461815e+01 6.2814222300052037e+01 -7.0979564109288051e-01
248 7.6902429911754780e+01 6.2870015065811984e+01 -7.0231782364965611e-01
249 9.1510269118047717e+01 6.2925807831571930e+01 -6.9484000620643149e-01
250 -1.3499175864547337e+02 8.3145667560820002e+01 -1.0067210360473862e+00
251 -1.2038391943918042e+02 8.3201460326579948e+01 -9.9924321860416176e-01
252 -1.0577608023288747e+02 8.3257253092339894e+01 -9.9176540116093714e-01
253 -9.1168241026594515e+01 8.3313045858099841e+01 -9.8428758371771274e-01
254 -7.6560401820301564e+01 8.3368838623859787e+01 -9.7680976627448812e-01
255 -6.1952562614008627e+01 8.3424631389619734e+01 -9.6933194883126372e-01
256 -4.7344723407715676e+01 8.3480424155379680e+01 -9.6185413138803910e-01
257 -3.2736884201422725e+01 8.3536216921139626e+01 -9.5437631394481470e-01
258 -1.8129044995129789e+01 8.3592009686899573e+01 -9.4689849650159030e-01
259 -3.5212057888368378e+00 8.3647802452659519e+01 -9.3942067905836568e-01
260 1.1086633417456113e+01 8.3703595218419437e+01 -9.3194286161514128e-01
261 2.5726680650141219e+01 7.5325528944768521e+01 -8.4607510038352651e-01
262 4.0334519856434156e+01 7.5381321710528468e+01 -8.3859728294030211e-01
263 5.4942359062727093e+01 7.5437114476288414e+01 -8.3111946549707749e-01
264 6.9550198269020058e+01 7.5492907242048361e+01 -8.2364164805385309e-01
265 8.4158037475312995e+01 7.5548700007808307e+01 -8.1616383061062847e-01
266 -1.2773615108191512e+02 9.5824352502816296e+01 -1.1205670430083585e+00
267 -1.1312831187562217e+02 9.5880145268576243e+01 -1.1130892255651339e+00
268 -9.8520472669329223e+01 9.5935938034336189e+01 -1.1056114081219095e+00
269 -8.3912633463036286e+01 9.5991730800096136e+01 -1.0981335906786849e+00
270 -6.9304794256743335e+01 9.6047523565856082e+01 -1.0906557732354605e+00
271 -5.4696955050450384e+01 9.6103316331616028e+01 -1.0831779557922359e+00
272 -4.0089115844157433e+01 9.6159109097375975e+01 -1.0757001383490115e+00
273 -2.5481276637864497e+01 9.6214901863135921e+01 -1.0682223209057871e+00
274 -1.0873437431571546e+01 9.6270694628895868e+01 -1.0607445034625624e+00
275 3.7344017747214053e+00 9.6326487394655786e+01 -1.0532666860193380e+00
276 1.8342240981014356e+01 9.6382280160415732e+01 -1.0457888685761134e+00
277 3.2982288213699405e+01 8.8004213886764816e+01 -9.5992110734449909e-01
278 4.7590127419992371e+01 8.8060006652524763e+01 -9.5244328990127447e-01
279 6.2197966626285307e+01 8.8115799418284709e+01 -9.4496547245805007e-01
280 7.6805805832578272e+01 8.8171592184044655e+01 -9.3748765501482545e-01
281 -1.2048054351835691e+02 1.0850303744481259e+02 -1.2344130499693309e+00
282 -1.0587270431206396e+02 1.0855883021057254e+02 -1.2269352325261065e+00
283 -9.1264865105771008e+01 1.0861462297633248e+02 -1.2194574150828821e+00
284 -7.6657025899478072e+01 1.0867041574209243e+02 -1.2119795976396572e+00
285 -6.2049186693185121e+01 1.0872620850785238e+02 -1.2045017801964328e+00
286 -4.7441347486892177e+01 1.0878200127361232e+02 -1.1970239627532084e+00
287 -3.2833508280599233e+01 1.0883779403937227e+02 -1.1895461453099840e+00
288 -1.8225669074306282e+01 1.0889358680513222e+02 -1.1820683278667594e+00
289 -3.6178298680133310e+00 1.0894937957089213e+02 -1.1745905104235350e+00
290 1.0990009338279620e+01 1.0900517233665208e+02 -1.1671126929803104e+00
291 2.5597848544572571e+01 1.0906096510241203e+02 -1.1596348755370860e+00
292 4.0237895777257620e+01 1.0068289882876114e+02 -1.0737671143054717e+00
293 5.4845734983550585e+01 1.0073869159452109e+02 -1.0662892968622473e+00
294 6.9453574189843522e+01 1.0079448436028103e+02 -1.0588114794190226e+00
295 -1.1322493595479870e+02 1.2118172238680889e+02 -1.3482590569303032e+00
296 -9.8617096748505759e+01 1.2123751515256883e+02 -1.3407812394870788e+00
297 -8.4009257542212808e+01 1.2129330791832878e+02 -1.3333034220438540e+00
298 -6.9401418335919857e+01 1.2134910068408873e+02 -1.3258256046006296e+00
299 -5.4793579129626913e+01 1.2140489344984867e+02 -1.3183477871574052e+00
300 -4.0185739923333969e+01 1.2146068621560862e+02 -1.3108699697141808e+00
301 -2.5577900717041018e+01 1.2151647898136856e+02 -1.3033921522709564e+00
302 -1.0970061510748067e+01 1.2157227174712848e+02 -1.2959143348277316e+00
303 3.6377776955448837e+00 1.2162806451288843e+02 -1.2884365173845072e+00
304 1.8245616901837820e+01 1.2168385727864838e+02 -1.2809586999412828e+00
305 3.2853456108130786e+01 1.2173965004440832e+02 -1.2734808824980584e+00
306 4.7493503340815863e+01 1.1336158377075743e+02 -1.1876131212664445e+00
307 6.2101342547108800e+01 1.1341737653651738e+02 -1.1801353038232199e+00
308 -1.0596932839124048e+02 1.3386040732880519e+02 -1.4621050638912760e+00
309 -9.1361489184947530e+01 1.3391620009456511e+02 -1.4546272464480512e+00
310 -7.6753649978654579e+01 1.3397199286032509e+02 -1.4471494290048268e+00
311 -6.2145810772361635e+01 1.3402778562608501e+02 -1.4396716115616024e+00
312 -4.7537971566068684e+01 1.3408357839184498e+02 -1.4321937941183780e+00
313 -3.2930132359775740e+01 1.3413937115760490e+02 -1.4247159766751536e+00
314 -1.8322293153482789e+01 1.3419516392336482e+02 -1.4172381592319288e+00
315 -3.7144539471898383e+00 1.3425095668912479e+02 -1.4097603417887044e+00
316 1.0893385259103098e+01 1.3430674945488471e+02 -1.4022825243454800e+00
317 2.5501224465396064e+01 1.3436254222064468e+02 -1.3948047069022556e+00
318 4.0109063671689000e+01 1.3441833498640460e+02 -1.3873268894590307e+00
319 5.4749110904374078e+01 1.2604026871275373e+02 -1.3014591282274166e+00
320 -2.4269859117512078e+02 -4.0221967294850532e+02 3.4446171009608451e+00
321 -9.6652407138583484e+01 -3.9322788625149502e+02 3.4410053316047007e+00
322 4.9425984924345983e+01 -3.9266995859389561e+02 3.5157835060369460e+00
323 1.9550437698727546e+02 -3.9211203093629615e+02 3.5905616804691909e+00
324 -3.1622090760246806e+02 -2.7599075118614184e+02 2.2313788569188753e+00
325 -1.7014251553953858e+02 -2.7543282352854237e+02 2.3061570313511206e+00
326 -2.4096331503001295e+01 -2.6644103683153207e+02 2.3025452619949753e+00
327 1.2198206055992819e+02 -2.6588310917393261e+02 2.3773234364272202e+00
328 2.6806045262285761e+02 -2.6532518151633315e+02 2.4521016108594655e+00
329 -3.8974322402981534e+02 -1.4976182942377829e+02 1.0181406128769050e+00
330 -2.4366483196688586e+02 -1.4920390176617883e+02 1.0929187873091502e+00
331 1.9453813619551039e+02 -1.3909625975396963e+02 1.2388633668174958e+00
332 3.4061652825843987e+02 -1.3853833209637020e+02 1.3136415412497406e+00
333 -4.6326554045716261e+02 -2.3532907661414782e+01 -1.9509763116506473e-01
334 -3.1718714839423313e+02 -2.2974980003815332e+01 -1.2031945673281974e-01
335 2.6709421183109259e+02 -1.2309410334006699e+01 1.0040329720777097e-01
336 4.1317260389402207e+02 -1.1751482676407278e+01 1.7518147164001630e-01
337 -3.9070946482158030e+02 1.0325394175854818e+02 -1.3335577007747896e+00
338 -2.4463107275865084e+02 1.0381186941614762e+02 -1.2587795263425443e+00
339 1.9363631145652965e+02 9.7051793349535089e+01 -9.5605505925741952e-01
340 3.3971470351945914e+02 9.7609721007134468e+01 -8.8127688482517397e-01
341 -3.1815338918599809e+02 2.3004079117851120e+02 -2.4720177703845141e+00
342 -1.7204278909667650e+02 2.2216485979669966e+02 -2.3188496521638795e+00
343 -2.5964397033747034e+01 2.2272278745429912e+02 -2.2440714777316346e+00
344 1.2011399502918238e+02 2.2328071511189864e+02 -2.1692933032993897e+00
345 2.6619238709211186e+02 2.2383864276949811e+02 -2.0945151288671449e+00
346 -2.4556510552402375e+02 3.4839378155906326e+02 -3.5320878962058497e+00
347 -9.9486713461094283e+01 3.4895170921666272e+02 -3.4573097217736048e+00
348 4.6591678601835184e+01 3.4950963687426218e+02 -3.3825315473413600e+00
349 1.9267007066476464e+02 3.5006756453186165e+02 -3.3077533729091142e+00
