Name    Number  BeamID  E       N       U
HH0     0       0       -105.03530121779517 -110.7220525185009 0.9181712024097877
HH1     1       0       -90.4274587419463 -110.66626416656266 0.9183957752255623
HH2     2       0       -75.81961707526237 -110.61047668435114 0.9685869263544618
HH11    11      0       -112.38751944072469 -98.10314477412699 0.8082534066335754
HH12    12      0       -97.7796758834757 -98.04735537541416 0.7284946910552463
HH13    13      0       -83.17183355814032 -97.99156674884284 0.6987025530176325
HH14    14      0       -68.56399276653607 -97.93577981744762 0.7788769935632871
HH23    23      0       -119.73977495095856 -85.47423149737172 0.6683022164438697
HH24    24      0       -105.13193316060257 -85.41844378970255 0.6885602108192188
HH25    25      0       -90.52409191885799 -85.36265648444004 0.7387847838127399
HH26    26      0       -75.9162489979866 -85.30686729855094 0.6489759335329026
HH27    27      0       -61.30840833682636 -85.2510803958792 0.7291336623623721
HH37    37      0       -112.48415114615322 -72.79953698133086 0.5985920470098982
HH38    38      0       -97.87630883282996 -72.74374884840998 0.5688333293195988
HH39    39      0       -83.26846661144647 -72.68796048619777 0.519041189984847
HH40    40      0       -68.66062580180639 -72.63217315428804 0.5592156292694312
HH52    52      0       -105.228563130487 -60.11483613109549 0.37884843932281953
HH53    53      0       -90.62072202896864 -60.05904862400769 0.38907301032466535
HH54    54      0       -76.01288097722872 -60.00326102522645 0.38926415847304696